17
19
20
23
24
27
28
30
31
31
34
36
39
39
41
43
44
47
48
49
51
52
55
55
56
59
60
60
63
63
63
67
68
70
71
73
75
76
78
79
79
81
83
84
86
87
88
89
91
92
94
95
96
97
99
99
102
103
103
104
107
107
108
110
111
111
112
113
115
115
116
118
119
120
120
121
123
123
124
125
126
127
127
129
131
131
133
134
135
137
138
139
141
142
143
143
145
146
147
149
150
151
152
153
154
155
156
157
158
158
159
159
161
162
163
165
165
167
167
168
169
171
171
172
173
174
175
175
176
177
178
179
179
180
181
182
182
183
183
184
185
185
186
187
187
188
188
188
189
190
190
190
191
192
193
193
194
195
195
195
196
197
198
199
199
199
199
199
200
200
201
201
202
203
203
203
203
204
204
204
204
204
204
204
204
204
205
204
204
203
202
201
200
200
200
200
199
198
198
197
197
196
196
195
195
195
195
195
195
194
194
193
193
193
193
193
193
192
192
192
192